0.59 0.08
0.59 0.1
0.585 0.15
0.595 0.165
0.72 0.2
0.8 0.25
0.82 0.32
0.81 0.36
0.79 0.37
0.71 0.32
0.65 0.3
0.67 0.32
0.68 0.35
0.67 0.39
0.65 0.4
0.6 0.38
0.54 0.3
0.51 0.24
0.45 0.24
0.4 0.22
0.38 0.2
0.35 0.16
0.33 0.125
0.325 0.1
0.33 0.08
0.32 0.06
0.33 0.04
0.34 0.02
0.36 0.0
0.365 -0.005
0.362 -0.01
0.362 -0.02
0.353 -0.03
0.347 -0.045
0.335 -0.05
0.33 -0.06
0.32 -0.07
0.31 -0.087
0.308 -0.1
0.305 -0.135
0.302 -0.137
0.302 -0.15
0.3 -0.17
0.298 -0.18
0.3 -0.186
0.302 -0.192
0.31 -0.21
0.31 -0.22
0.309 -0.24
0.32 -0.265
0.317 -0.28
0.317 -0.29
0.325 -0.3
0.34 -0.32
0.325 -0.33
0.321 -0.34
0.32 -0.35
0.32 -0.375
0.322 -0.38
0.326 -0.38
0.327 -0.383
0.34 -0.387
0.355 -0.387
0.365 -0.39
0.44 -0.395
0.475 -0.398
0.49 -0.396
0.56 -0.398